elapsed, window, n, min, mean, median, 95th, 99th, 99_9th, max, errors
10.001733, 10.001733, 4289, 4576, 35778.5, 24747, 43579, 427314, 1127041, 1538670, 0
20.013506, 10.011773, 5656, 6431, 26128.0, 25485, 40344, 48109, 60793, 126076, 0
30.00657, 9.993064, 5334, 5892, 27850.6, 27205, 43507, 52165, 61230, 75263, 0
40.00193, 9.99536, 4193, 4782, 33436.2, 26280, 44564, 350468, 745467, 820637, 0
50.00696, 10.00503, 5178, 5938, 28623.7, 27951, 43707, 51516, 86452, 109340, 0
60.002063, 9.995103, 5115, 6940, 29142.8, 28393, 44389, 51660, 69104, 120273, 0
70.000911, 9.998848, 4482, 5857, 31720.4, 29186, 45234, 110992, 385172, 433068, 0
80.00211, 10.001199, 4585, 5857, 34093.2, 30612, 47303, 62998, 801163, 818297, 0
90.001846, 9.999736, 4701, 6427, 31842.4, 31463, 47518, 55995, 68505, 74643, 0
100.004635, 10.002789, 4525, 8473, 32515.1, 31799, 48505, 57370, 93571, 181196, 0
110.001234, 9.996599, 4060, 5287, 36133.8, 32339, 51718, 156191, 622915, 645539, 0
120.002066, 10.000832, 4388, 6629, 33426.6, 32874, 49493, 57485, 99849, 169581, 0
130.001365, 9.999299, 4361, 7964, 33970.4, 33359, 51742, 61344, 80195, 145561, 0
140.000824, 9.999459, 3958, 6759, 37164.4, 34558, 56972, 117030, 273721, 293470, 0
150.010163, 10.009339, 4185, 6851, 36120.0, 34114, 53844, 68980, 455497, 489558, 0
160.002, 9.991837, 4329, 9160, 35010.8, 34421, 53465, 62324, 90491, 143705, 0
170.00209, 10.00009, 4148, 8306, 35429.1, 33584, 55112, 72465, 284034, 358432, 0
180.002632, 10.000542, 3947, 5458, 37546.3, 34918, 58282, 111646, 261800, 320366, 0
190.000782, 9.99815, 4313, 9818, 35477.3, 34068, 56016, 69130, 91928, 155327, 0
200.003045, 10.002263, 4249, 9728, 34842.3, 33322, 54928, 66040, 135415, 163464, 0
210.002226, 9.999181, 4297, 7013, 34888.0, 32267, 55373, 94954, 283291, 343853, 0
220.000974, 9.998748, 4351, 10673, 34324.2, 32527, 55940, 68721, 107865, 116550, 0
230.002027, 10.001053, 4114, 10426, 35863.7, 33971, 58399, 71306, 106834, 127824, 0
240.002233, 10.000206, 4362, 8629, 34122.6, 31548, 56110, 76193, 197454, 268544, 0
250.001815, 9.999582, 4519, 8716, 32824.9, 30124, 50329, 77359, 478987, 574784, 0
260.001929, 10.000114, 4577, 7835, 32589.1, 30722, 53513, 66889, 140837, 175205, 0
270.001968, 10.000039, 4605, 7883, 32932.9, 30812, 54101, 68966, 159923, 242484, 0
280.002871, 10.000903, 4308, 7743, 34063.4, 31243, 56644, 82492, 261896, 306912, 0
290.002276, 9.999405, 4531, 9269, 33459.1, 31223, 56834, 69930, 89999, 179873, 0
300.001131, 9.998855, 4372, 10465, 33970.0, 31940, 55886, 70104, 90571, 178791, 0
310.000747, 9.999616, 4409, 6318, 32454.1, 30769, 48910, 73628, 207607, 239643, 0
320.002118, 10.001371, 4683, 6318, 33518.3, 31032, 47167, 58980, 544282, 610393, 0
330.001926, 9.999808, 4215, 11581, 35050.2, 33191, 56222, 74141, 91369, 98695, 0
340.002478, 10.000552, 4364, 11539, 35403.2, 33141, 58056, 77168, 146656, 257445, 0
350.001858, 9.99938, 4445, 7904, 33937.4, 32667, 48494, 64250, 163535, 199984, 0
360.002026, 10.000168, 4220, 13332, 35435.4, 33805, 53933, 75657, 95941, 109486, 0
370.00446, 10.002434, 4376, 13336, 34444.0, 33435, 49020, 59920, 89312, 209874, 0
380.001437, 9.996977, 4099, 12069, 36183.8, 34395, 53898, 78446, 162330, 258227, 0
390.001571, 10.000134, 4057, 13277, 37462.4, 35706, 54615, 77995, 210204, 234822, 0
400.001912, 10.000341, 4102, 13277, 36026.2, 35489, 49977, 55680, 64211, 72212, 0
410.002087, 10.000175, 4003, 12842, 37242.8, 36116, 51891, 67312, 166447, 233007, 0
420.003099, 10.001012, 4171, 14806, 37761.8, 36417, 52718, 72472, 167863, 233007, 0
430.003042, 9.999943, 3967, 16182, 37638.7, 36963, 51587, 60074, 77674, 84963, 0
440.002073, 9.999031, 3934, 10642, 38080.1, 37196, 52574, 63750, 131582, 180169, 0
450.001649, 9.999576, 3854, 13678, 38739.4, 37797, 53343, 69102, 128548, 176783, 0
460.001127, 9.999478, 3798, 13037, 40018.5, 38716, 56204, 78314, 107719, 163872, 0
470.004084, 10.002957, 3732, 16683, 39686.1, 39027, 54435, 62669, 93876, 104819, 0
480.002777, 9.998693, 3686, 19193, 40152.2, 39345, 54642, 66881, 117145, 167140, 0
490.00084, 9.998063, 3622, 9998, 41159.7, 40140, 56181, 68891, 249176, 335023, 0
500.00454, 10.0037, 3660, 17871, 41026.3, 40426, 55510, 64684, 91642, 105775, 0
510.001218, 9.996678, 3581, 17624, 42109.7, 41252, 57751, 68642, 119505, 150350, 0
520.002292, 10.001074, 3487, 17018, 43190.1, 42044, 60424, 80806, 132547, 168440, 0
530.004509, 10.002217, 3558, 13925, 42934.1, 42132, 58633, 70945, 151883, 177941, 0
540.002209, 9.9977, 3428, 13925, 43916.3, 42959, 60672, 71767, 151883, 177941, 0
550.00127, 9.999061, 3445, 17592, 44260.1, 43113, 60454, 72236, 113248, 143192, 0
560.001576, 10.000306, 3358, 16066, 44577.9, 43687, 60714, 73555, 122908, 187233, 0
570.00331, 10.001734, 3307, 16066, 45216.5, 44171, 62454, 84361, 138470, 183787, 0
580.001046, 9.997736, 3326, 17065, 45650.2, 44561, 63361, 81389, 147202, 183787, 0
590.002423, 10.001377, 3263, 20930, 45828.6, 44781, 63100, 87915, 133106, 147662, 0
600.002073, 9.99965, 3217, 19922, 46750.5, 45775, 63739, 79022, 119079, 160772, 0
601.041454, 1.039381, 343, 19922, 46776.1, 45928, 63731, 75149, 119079, 160772, 0
