elapsed, window, n, min, mean, median, 95th, 99th, 99_9th, max, errors
10.007142, 10.007142, 1666635, 2, 63.2, 3, 4, 149, 8044, 72084, 0
20.00491, 9.997768, 764708, 2, 70.4, 3, 4, 141, 11861, 36360, 0
30.008912, 10.004002, 1114365, 2, 69.5, 3, 4, 141, 11404, 471880, 0
40.009222, 10.00031, 1051774, 2, 75.0, 3, 4, 149, 11634, 854482, 0
50.009334, 10.000112, 1061729, 2, 76.4, 3, 4, 150, 11846, 985492, 0
60.009663, 10.000329, 873043, 2, 76.7, 3, 4, 144, 11648, 899364, 0
70.009348, 9.999685, 957865, 2, 66.1, 3, 4, 136, 11374, 885476, 0
80.008689, 9.999341, 1089707, 2, 60.2, 3, 4, 133, 11071, 735781, 0
90.009097, 10.000408, 947288, 2, 72.6, 3, 4, 139, 11275, 1083745, 0
100.00823, 9.999133, 972874, 2, 73.3, 3, 4, 141, 11246, 850797, 0
110.009241, 10.001011, 1182177, 2, 66.6, 3, 4, 127, 11037, 928476, 0
120.009475, 10.000234, 766196, 2, 74.7, 3, 3, 100, 11106, 927891, 0
130.007469, 9.997994, 1119177, 2, 66.4, 3, 3, 97, 10985, 739634, 0
140.010027, 10.002558, 1074424, 2, 67.4, 3, 3, 97, 10996, 876581, 0
150.009994, 9.999967, 1133185, 2, 63.9, 3, 3, 97, 10952, 621482, 0
160.010034, 10.00004, 932654, 2, 68.9, 3, 3, 99, 11089, 950386, 0
170.009356, 9.999322, 1044155, 2, 65.5, 3, 3, 98, 10935, 769020, 0
180.008448, 9.999092, 1022748, 2, 67.4, 3, 3, 97, 10966, 966270, 0
190.008053, 9.999605, 1011856, 2, 67.9, 3, 3, 97, 10933, 754728, 0
200.008072, 10.000019, 1107816, 2, 64.4, 3, 3, 96, 11011, 600974, 0
210.008781, 10.000709, 1050318, 2, 67.0, 3, 3, 97, 10994, 977501, 0
220.00988, 10.001099, 1048348, 2, 66.3, 3, 3, 96, 10908, 934820, 0
230.009853, 9.999973, 872483, 2, 64.8, 3, 3, 97, 11029, 34831, 0
240.009331, 9.999478, 1342270, 2, 60.9, 3, 3, 96, 10780, 995504, 0
250.008684, 9.999353, 777120, 2, 73.8, 3, 3, 97, 11015, 940578, 0
260.0089, 10.000216, 1163416, 2, 63.4, 3, 3, 96, 10959, 729173, 0
270.009128, 10.000228, 1081766, 2, 64.2, 3, 3, 96, 11038, 824951, 0
280.008679, 9.999551, 990222, 2, 67.8, 3, 3, 96, 11127, 940568, 0
290.008661, 9.999982, 973395, 2, 67.8, 3, 3, 98, 11041, 880223, 0
300.009659, 10.000998, 1088055, 2, 64.4, 3, 3, 97, 10904, 813001, 0
310.008881, 9.999222, 1014424, 2, 66.3, 3, 3, 98, 11072, 745403, 0
320.009984, 10.001103, 1046177, 2, 66.0, 3, 3, 97, 10941, 986044, 0
330.009442, 9.999458, 957242, 2, 68.9, 3, 3, 97, 11100, 1000025, 0
340.008795, 9.999353, 1038194, 2, 66.6, 3, 3, 97, 10972, 862546, 0
350.009023, 10.000228, 1116570, 2, 64.4, 3, 3, 96, 10957, 732409, 0
360.01034, 10.001317, 913925, 2, 68.1, 3, 3, 97, 10971, 643122, 0
370.008075, 9.997735, 1149695, 2, 65.2, 3, 3, 96, 10831, 920208, 0
380.008576, 10.000501, 967592, 2, 68.8, 3, 3, 97, 11358, 896963, 0
390.035335, 10.026759, 1016423, 2, 66.6, 3, 3, 97, 11008, 753857, 0
400.008732, 9.973397, 1020887, 2, 67.8, 3, 3, 97, 11284, 796262, 0
410.00862, 9.999888, 1121926, 2, 64.0, 3, 3, 96, 11220, 688047, 0
420.008178, 9.999558, 896539, 2, 69.4, 3, 4, 98, 11424, 782122, 0
430.009275, 10.001097, 1085098, 2, 67.1, 3, 4, 99, 11731, 900284, 0
440.00927, 9.999995, 1027711, 2, 65.7, 3, 3, 96, 11012, 654636, 0
450.009408, 10.000138, 983210, 2, 67.3, 3, 3, 96, 11033, 675655, 0
460.008721, 9.999313, 1145528, 2, 63.0, 3, 3, 96, 10933, 772071, 0
470.009622, 10.000901, 893079, 2, 69.2, 3, 3, 96, 11014, 773902, 0
480.009296, 9.999674, 1068131, 2, 68.1, 3, 3, 96, 10906, 1002527, 0
490.008868, 9.999572, 954671, 2, 67.8, 3, 4, 96, 11393, 785027, 0
500.009636, 10.000768, 1030713, 2, 66.4, 3, 3, 97, 11260, 805116, 0
510.008033, 9.998397, 1069163, 2, 65.4, 3, 3, 98, 11183, 923575, 0
520.008981, 10.000948, 1101345, 2, 66.0, 3, 3, 99, 11301, 901256, 0
530.009708, 10.000727, 854657, 2, 72.1, 3, 3, 100, 11451, 703569, 0
540.008199, 9.998491, 1167537, 2, 64.6, 3, 3, 97, 10963, 991392, 0
550.008702, 10.000503, 899361, 2, 68.6, 3, 3, 97, 11400, 761182, 0
560.00822, 9.999518, 1084420, 2, 66.1, 3, 3, 97, 11204, 903962, 0
570.00828, 10.00006, 1210362, 2, 63.0, 3, 3, 97, 11065, 928106, 0
580.008662, 10.000382, 721305, 2, 74.5, 3, 3, 100, 11419, 909121, 0
590.008337, 9.999675, 1125532, 2, 64.1, 3, 3, 97, 11073, 835007, 0
600.008424, 10.000087, 1018671, 2, 68.0, 3, 3, 97, 11325, 633664, 0
610.007572, 9.999148, 1105094, 2, 65.3, 3, 3, 97, 11317, 769842, 0
620.00893, 10.001358, 1057741, 2, 65.5, 3, 3, 97, 11339, 564067, 0
630.009366, 10.000436, 981012, 2, 68.3, 3, 3, 99, 11328, 869951, 0
640.008687, 9.999321, 1102488, 2, 66.5, 3, 3, 98, 11281, 931905, 0
650.008973, 10.000286, 812565, 2, 72.4, 3, 3, 98, 11527, 886648, 0
660.008771, 9.999798, 1090501, 2, 65.2, 3, 3, 96, 11222, 807752, 0
670.010126, 10.001355, 1103193, 2, 67.2, 3, 4, 98, 11079, 903681, 0
680.015357, 10.005231, 1031630, 2, 66.6, 3, 3, 97, 10866, 908992, 0
690.008943, 9.993586, 1123700, 2, 63.8, 3, 3, 97, 11003, 897212, 0
700.00945, 10.000507, 852206, 2, 71.3, 3, 3, 97, 11133, 806703, 0
710.008651, 9.999201, 1100050, 2, 64.2, 3, 3, 96, 10868, 694547, 0
720.008164, 9.999513, 1197013, 2, 65.0, 3, 3, 96, 10929, 1006055, 0
730.008266, 10.000102, 671935, 2, 77.0, 3, 3, 101, 10999, 972778, 0
740.008547, 10.000281, 1219040, 2, 63.2, 3, 3, 97, 11128, 897267, 0
750.009267, 10.00072, 827636, 2, 70.9, 3, 3, 100, 11420, 702489, 0
760.016957, 10.00769, 1179243, 2, 64.6, 3, 4, 98, 11859, 909734, 0
770.009313, 9.992356, 861206, 2, 70.3, 3, 3, 101, 11461, 621353, 0
780.007307, 9.997994, 1066834, 2, 65.6, 3, 4, 98, 11141, 904929, 0
