elapsed, window, n, min, mean, median, 95th, 99th, 99_9th, max, errors
10.006039, 10.006039, 4004, 6607, 38901.9, 38042, 60337, 73368, 92241, 97119, 0
20.001991, 9.995952, 3958, 8380, 38764.5, 37804, 58098, 70940, 140681, 174677, 0
30.005355, 10.003364, 3418, 6027, 42234.7, 38142, 61462, 149166, 693574, 809903, 0
40.000683, 9.995328, 2895, 6613, 46948.3, 38051, 60201, 157472, 1593385, 2110674, 0
50.001982, 10.001299, 3884, 9169, 39757.8, 38348, 63061, 76569, 87757, 117352, 0
60.001746, 9.999764, 3448, 6145, 40618.9, 38219, 60279, 77906, 685935, 732816, 0
70.00908, 10.007334, 2691, 6278, 49914.6, 36632, 64177, 563636, 1294147, 1375918, 0
80.000913, 9.991833, 3809, 9848, 40700.9, 38275, 59828, 71100, 677621, 839622, 0
90.001693, 10.00078, 3633, 9159, 40343.7, 38793, 62717, 73931, 308733, 371434, 0
100.002223, 10.00053, 2260, 5797, 60688.4, 37846, 69002, 1090356, 1779437, 2431251, 0
110.001292, 9.999069, 3748, 8285, 41287.7, 39750, 61980, 83831, 285247, 330548, 0
120.00084, 9.999548, 3649, 9221, 41171.0, 40083, 60754, 73361, 103331, 201086, 0
130.00227, 10.00143, 2557, 6242, 50731.8, 36994, 67307, 492914, 1518688, 1983825, 0
140.001155, 9.998885, 3481, 6696, 44473.4, 39324, 65939, 139645, 769555, 1518688, 0
150.005167, 10.004012, 3503, 11786, 42947.3, 42016, 63784, 76631, 119407, 222234, 0
160.000694, 9.995527, 2510, 6291, 49792.8, 38230, 66325, 337516, 1773560, 1983437, 0
170.002051, 10.001357, 3408, 7731, 45864.0, 38762, 62738, 242020, 1559613, 1768262, 0
180.009074, 10.007023, 3422, 9183, 42778.5, 41617, 63602, 78767, 123113, 325571, 0
190.000726, 9.991652, 3195, 6395, 44123.8, 39652, 62738, 159387, 879274, 1048423, 0
200.003058, 10.002332, 2421, 5685, 53629.3, 39469, 65065, 371976, 2256894, 2336333, 0
210.001963, 9.998905, 3574, 9979, 42663.2, 41270, 64196, 78073, 178011, 245266, 0
220.008948, 10.006985, 3440, 7043, 42847.7, 40110, 61797, 105411, 504511, 558042, 0
230.005152, 9.996204, 2582, 6275, 52853.6, 39478, 70852, 448400, 1476975, 1583159, 0
240.001807, 9.996655, 3473, 8738, 42950.7, 41177, 64449, 86012, 221603, 411637, 0
250.001943, 10.000136, 3417, 7840, 43268.2, 40891, 63688, 106607, 385980, 516968, 0
260.004985, 10.003042, 2656, 6703, 51329.0, 40050, 72964, 422646, 1008937, 1252082, 0
270.009094, 10.004109, 3609, 7702, 43129.9, 40492, 63417, 112437, 350059, 431305, 0
280.001335, 9.992241, 3136, 6980, 46459.9, 42207, 67207, 124767, 772123, 892898, 0
290.000984, 9.999649, 2564, 6182, 54298.0, 42086, 71545, 383738, 1351394, 1510302, 0
300.001754, 10.00077, 3191, 8483, 46245.8, 42589, 66793, 171158, 506030, 799673, 0
310.002079, 10.000325, 3254, 9470, 45582.4, 43716, 66670, 108601, 222736, 372673, 0
320.000761, 9.998682, 2619, 7559, 54499.8, 41411, 67316, 619103, 1284100, 1322101, 0
330.002594, 10.001833, 3211, 7209, 46650.3, 40260, 66388, 343713, 727059, 1020913, 0
340.000916, 9.998322, 3260, 11313, 45363.0, 42539, 67622, 107393, 359458, 416009, 0
350.003193, 10.002277, 2965, 7215, 48261.2, 42171, 69459, 188399, 830403, 945940, 0
360.000827, 9.997634, 3232, 8750, 44577.5, 42172, 67301, 112741, 268132, 434734, 0
370.001996, 10.001169, 3349, 10561, 45093.4, 43203, 68669, 88101, 263925, 377525, 0
380.002056, 10.00006, 3116, 7990, 46132.2, 40062, 67551, 213457, 889275, 1096567, 0
390.001921, 9.999865, 3020, 6459, 48150.4, 42589, 71215, 210580, 755866, 776124, 0
400.002044, 10.000123, 3313, 11386, 45599.8, 43627, 70008, 89967, 249182, 284094, 0
410.001101, 9.999057, 3320, 8863, 45762.3, 41602, 70633, 135333, 400170, 915986, 0
420.001247, 10.000146, 3182, 6187, 45957.4, 41462, 72087, 120913, 588371, 678610, 0
430.000915, 9.999668, 3364, 10410, 44666.9, 40966, 70738, 93522, 436591, 696253, 0
440.001917, 10.001002, 3385, 12047, 43203.2, 39403, 68619, 118809, 295595, 479547, 0
450.004175, 10.002258, 3145, 6660, 45884.2, 40728, 71959, 167286, 500127, 551578, 0
460.001087, 9.996912, 3098, 5888, 44429.8, 39857, 69299, 103232, 1073233, 1243342, 0
470.001035, 9.999948, 3394, 13588, 44485.1, 40211, 71666, 134421, 332856, 472929, 0
480.00205, 10.001015, 3248, 6464, 44989.9, 40564, 71818, 139939, 433891, 505102, 0
490.005074, 10.003024, 3507, 10646, 42646.2, 39480, 68901, 93364, 324225, 360187, 0
500.001837, 9.996763, 3430, 10964, 43171.9, 39411, 69465, 92883, 370885, 424796, 0
510.002528, 10.000691, 3146, 9813, 46408.9, 40792, 77225, 140964, 418312, 683884, 0
520.001879, 9.999351, 3103, 12464, 46585.1, 42629, 74414, 94916, 389678, 713295, 0
530.005027, 10.003148, 3110, 6525, 48225.9, 42244, 75428, 96268, 1028795, 1094746, 0
540.002589, 9.997562, 2989, 6525, 51514.4, 41626, 82778, 350199, 1028795, 1094746, 0
550.002651, 10.000062, 3225, 13701, 46158.5, 42862, 77904, 98635, 243110, 379987, 0
560.002407, 9.999756, 3237, 11606, 46339.5, 42353, 78842, 100309, 271360, 320592, 0
570.001502, 9.999095, 3240, 9680, 46835.3, 41746, 73571, 202080, 374122, 461894, 0
580.001389, 9.999887, 3294, 11560, 46786.8, 42043, 78980, 129436, 369459, 383059, 0
590.002602, 10.001213, 3317, 10454, 45516.9, 41801, 75022, 103465, 319077, 459009, 0
600.001886, 9.999284, 3315, 11850, 45003.3, 41096, 75837, 118849, 274491, 403327, 0
601.028354, 1.026468, 302, 11850, 45357.6, 40955, 77468, 128980, 274491, 403327, 0
