elapsed, window, n, min, mean, median, 95th, 99th, 99_9th, max, errors
10.002381, 10.002381, 46626, 922, 6502.0, 5719, 11769, 14708, 18200, 191403, 0
20.000586, 9.998205, 44663, 1061, 6667.0, 5916, 12466, 15550, 18157, 26931, 0
30.003118, 10.002532, 47531, 1050, 6397.0, 5644, 12592, 15314, 18405, 19315, 0
40.000653, 9.997535, 43707, 1182, 6764.2, 6115, 12315, 14948, 18058, 19076, 0
50.003057, 10.002404, 46045, 931, 6467.8, 5828, 11974, 14741, 17739, 19132, 0
60.000822, 9.997765, 44899, 1148, 6690.3, 5949, 12434, 14724, 19104, 24413, 0
70.002511, 10.001689, 42818, 879, 7030.4, 6289, 12943, 15540, 18352, 23823, 0
80.000582, 9.998071, 42486, 1057, 7090.8, 6332, 13123, 16413, 18773, 22026, 0
90.002624, 10.002042, 46338, 1218, 6538.1, 5948, 11658, 14816, 19195, 20886, 0
100.009827, 10.007203, 44999, 1313, 6629.8, 6012, 12003, 14778, 18887, 22177, 0
110.002006, 9.992179, 46551, 1043, 6390.2, 5824, 11834, 14567, 17414, 20356, 0
120.011465, 10.009459, 43630, 1043, 6826.7, 6169, 12336, 15612, 18814, 21191, 0
130.000613, 9.989148, 43997, 925, 6754.0, 6034, 12475, 15724, 18897, 22528, 0
140.001668, 10.001055, 43213, 1192, 6876.6, 6282, 12274, 14835, 17810, 18923, 0
150.001621, 9.999953, 42813, 1042, 6888.9, 6226, 12770, 15802, 18816, 27672, 0
160.001782, 10.000161, 43895, 1229, 6806.2, 6080, 12404, 15216, 18781, 21993, 0
170.002207, 10.000425, 45033, 1052, 6702.4, 6033, 11955, 14666, 18123, 21283, 0
180.000619, 9.998412, 44051, 1141, 6800.6, 6131, 12192, 14642, 18261, 24277, 0
190.001692, 10.001073, 43152, 1058, 6844.2, 6207, 12220, 14795, 18737, 21764, 0
200.001808, 10.000116, 43940, 827, 6823.7, 6064, 12630, 15379, 20188, 26407, 0
210.001586, 9.999778, 46554, 1372, 6325.2, 5616, 11578, 14372, 17745, 19694, 0
220.001554, 9.999968, 51348, 2130, 5777.2, 5146, 10629, 13184, 17000, 142023, 0
230.00165, 10.000096, 51798, 2762, 5756.0, 5001, 10764, 13144, 16828, 148288, 0
240.001682, 10.000032, 51100, 1920, 5853.8, 5059, 11082, 13537, 17422, 148093, 0
250.003015, 10.001333, 54163, 2745, 5508.0, 4764, 10309, 12866, 16573, 143869, 0
260.002819, 9.999804, 53548, 2205, 5518.2, 4808, 10680, 12728, 17264, 152523, 0
270.001854, 9.999035, 52869, 2725, 5589.2, 4951, 10652, 13304, 17315, 145834, 0
280.001711, 9.999857, 53997, 2378, 5499.2, 4818, 10333, 12805, 16442, 147961, 0
290.00245, 10.000739, 55438, 2493, 5409.8, 4688, 10336, 12747, 16787, 153159, 0
300.000555, 9.998105, 52661, 2066, 5680.4, 5017, 10628, 13465, 18601, 157775, 0
310.002155, 10.0016, 51939, 2353, 5750.7, 5051, 10583, 13407, 16464, 155144, 0
320.000557, 9.998402, 52202, 2666, 5734.8, 4956, 10927, 13696, 19415, 148208, 0
330.003609, 10.003052, 52843, 2743, 5627.5, 4807, 10781, 13484, 17819, 147922, 0
340.004456, 10.000847, 52440, 2190, 5729.3, 4853, 11040, 12923, 16945, 151415, 0
350.002583, 9.998127, 52910, 2190, 5675.3, 4902, 10627, 12987, 17619, 147581, 0
360.001564, 9.998981, 52845, 2757, 5599.4, 4843, 10544, 13610, 20449, 146772, 0
370.001557, 9.999993, 53730, 2132, 5539.7, 4789, 10397, 12850, 15794, 153858, 0
380.001557, 10.0, 52075, 2044, 5710.9, 5067, 10516, 13062, 16577, 155442, 0
390.001793, 10.000236, 50954, 2722, 5819.1, 5117, 10743, 13030, 15660, 150556, 0
400.003649, 10.001856, 52142, 2006, 5727.9, 4969, 10693, 13374, 16545, 141168, 0
410.003007, 9.999358, 53945, 2730, 5456.5, 4788, 9980, 12444, 18920, 145766, 0
420.001903, 9.998896, 53680, 2088, 5568.3, 4776, 10596, 14126, 17511, 157540, 0
430.003822, 10.001919, 53798, 2685, 5577.3, 4856, 10329, 12986, 17456, 161449, 0
440.001772, 9.99795, 51988, 2411, 5717.0, 5010, 10427, 13644, 19818, 150292, 0
450.001578, 9.999806, 50293, 2011, 5945.8, 5240, 10993, 13731, 17181, 151351, 0
460.001629, 10.000051, 54065, 2186, 5541.2, 4772, 10743, 12861, 17131, 141839, 0
470.002038, 10.000409, 52878, 2705, 5580.1, 4841, 10393, 12671, 18912, 155857, 0
480.001355, 9.999317, 53070, 2666, 5650.6, 4813, 10919, 12971, 18913, 152000, 0
490.002533, 10.001178, 54705, 2468, 5466.5, 4873, 9787, 12831, 15703, 145034, 0
500.001864, 9.999331, 54160, 2649, 5466.0, 4878, 9912, 12289, 16271, 149085, 0
510.001547, 9.999683, 52421, 2116, 5673.2, 4832, 10889, 13040, 18381, 151500, 0
520.001554, 10.000007, 54717, 2746, 5502.0, 4761, 10547, 13196, 18592, 142929, 0
530.001665, 10.000111, 53208, 1938, 5542.1, 4797, 10649, 13003, 15847, 146964, 0
540.001757, 10.000092, 53492, 2239, 5599.0, 5005, 10198, 12733, 17685, 151125, 0
550.001552, 9.999795, 51138, 2096, 5850.5, 5084, 11029, 13063, 16418, 152572, 0
560.00215, 10.000598, 51728, 2379, 5797.3, 5007, 10853, 13197, 21029, 141846, 0
570.000587, 9.998437, 51197, 2254, 5768.9, 5019, 10771, 13239, 17455, 148051, 0
580.001556, 10.000969, 54018, 2717, 5549.4, 4857, 10287, 12685, 16377, 143729, 0
590.001637, 10.000081, 52507, 2711, 5619.3, 4812, 10766, 12610, 16431, 158548, 0
600.005328, 10.003691, 64779, 2618, 4629.8, 3923, 9066, 12234, 16866, 141768, 0
601.10784, 1.102512, 7033, 1229, 4543.3, 3901, 8765, 12117, 16861, 168555, 0
